-39.91000, -23.22100, 20
-39.89000, -23.86700, 100
-39.82800, -25.86600, 100
-39.76600, -27.86500, 98
-39.70400, -29.86400, 95
-39.64200, -31.86300, 92
-39.58000, -33.86200, 90
-39.51800, -35.86200, 87
-39.45600, -37.86100, 84
-39.39400, -39.86000, 81
-39.33200, -41.85900, 77
-39.27000, -43.85800, 74
-39.20800, -45.85700, 71
-39.25300, -47.85400, 67
-39.67400, -49.80400, 65
-40.52400, -51.61000, 68
-41.71600, -53.21200, 72
-43.18000, -54.57000, 70
-44.82100, -55.71200, 67
-46.58200, -56.65800, 63
-48.42500, -57.43200, 59
-50.32200, -58.06300, 54
-52.25900, -58.55900, 49
-54.22400, -58.93200, 44
-56.20900, -59.17400, 38
-58.20600, -59.25800, 23
-60.16700, -58.95800, 20
-60.29800, -58.81000, 0
endData
127
100
200
#PATH.JERRYIO-DATA {{"appVersion":"0.11.0","format":"LemLib v0.5","name":"{0}","source":"static/path.jerryio.txt"}
