-12.54700, -21.61100, 20
-13.22400, -20.51900, 86
-14.37100, -18.88100, 83
-15.66400, -17.35700, 80
-17.11300, -15.98100, 77
-18.72900, -14.80700, 73
-20.51200, -13.90600, 71
-22.42700, -13.33800, 71
-24.41300, -13.13000, 73
-26.40500, -13.26800, 76
-28.35300, -13.71100, 79
-30.22600, -14.40700, 82
-32.00700, -15.31600, 80
-33.69200, -16.39100, 77
-35.28000, -17.60600, 74
-36.76300, -18.94700, 57
-38.12900, -20.40600, 35
-39.32700, -22.00600, 20
-39.91000, -23.22100, 0
endData
127
100
200
#PATH.JERRYIO-DATA {{"appVersion":"0.11.0","format":"LemLib v0.5","name":"{0}","source":"static/path.jerryio.txt"}
