-66.55700, -35.02400, 84
-65.07300, -36.36300, 86
-63.47300, -37.56000, 87
-61.77600, -38.61800, 88
-60.00300, -39.54200, 89
-58.16500, -40.32800, 90
-56.27800, -40.99000, 91
-54.35600, -41.54200, 92
-52.40800, -41.99000, 92
-50.43900, -42.33800, 93
-48.45500, -42.59300, 93
-46.46300, -42.75700, 93
-44.46400, -42.83400, 93
-42.46400, -42.82700, 93
-40.46700, -42.73500, 93
-38.47500, -42.55700, 93
-36.49200, -42.29800, 93
-34.52200, -41.95500, 93
-32.56800, -41.52800, 93
-30.63600, -41.01400, 92
-28.73000, -40.41000, 92
-26.85600, -39.71300, 91
-25.02100, -38.91700, 91
-23.23500, -38.01800, 90
-21.51800, -36.99400, 88
-19.87800, -35.85100, 87
-18.33100, -34.58500, 85
-16.89900, -33.19000, 84
-15.63200, -31.64400, 81
-14.54100, -29.97000, 80
-13.65100, -28.18100, 71
-13.03100, -26.28200, 50
-12.65800, -24.32000, 29
-12.53200, -22.32600, 20
-12.54700, -21.61100, 0
endData
127
100
200
#PATH.JERRYIO-DATA {{"appVersion":"0.11.0","format":"LemLib v0.5","name":"{0}","source":"static/path.jerryio.txt"}
