0.00000, 0.00000, 89
-0.01997, 1.00499, 74
-0.07639, 2.01910, 76
-0.16406, 3.04102, 78
-0.27778, 4.06944, 81
-0.41233, 5.10308, 83
-0.56250, 6.14063, 85
-0.72309, 7.18077, 88
-0.88889, 8.22222, 90
-1.05469, 9.26367, 88
-1.21528, 10.30382, 85
-1.36545, 11.34136, 83
-1.50000, 12.37500, 81
-1.61372, 13.40343, 78
-1.70139, 14.42535, 76
-1.75781, 15.43945, 74
-1.77778, 16.44444, 71
-1.75608, 17.43902, 62
-1.68750, 18.42188, 53
-1.56684, 19.39171, 45
-1.38889, 20.34722, 45
-1.14844, 21.28711, 45
-0.84028, 22.21007, 45
-0.45920, 23.11480, 45
0.00000, 24.00000, 0
endData
100
50
200
#PATH.JERRYIO-DATA {"appVersion":"0.11.0","format":"LemLib v0.5","name":"AON Red Six Loader Approach","generator":"tools/generate-red-six-block-paths.ps1"}
